10
35901 38539 29914 36270 26695 36095 36696 28521 32543 45224 
22750 25288 20386 17762 23183 27122 27223 21971 21285 31321 
26309 27321 23797 27076 23928 30146 25198 18053 27171 36159 
27012 26922 24187 23879 17749 20109 22415 18615 22621 27823 
34195 34915 29832 26897 20083 29170 34169 19325 30121 37977 
37235 38573 34813 27221 32705 31902 35380 29678 26856 42376 
28622 30875 21882 28116 19466 32009 34412 23459 28733 40788 
22046 27488 20766 17426 16647 25488 27949 14417 22380 27227 
33867 34858 28639 26134 26182 32136 35689 26943 28714 40748 
33110 34916 24638 29988 18263 29549 37012 26082 28438 39653 
